8.5668
8.5632
8.5597
8.5561
8.5525
8.549
8.5454
8.5419
8.5383
8.5347
8.5312
8.5276
8.524
8.5205
8.5169
8.5133
8.5098
8.5062
8.5026
8.4991
8.4955
8.492
8.4884
8.4848
8.4813
8.4777
8.4741
8.4706
8.467
8.4634
8.4599
8.4563
8.4528
8.4492
8.4456
8.4421
8.4385
8.4349
8.4314
8.4278
8.4242
8.4207
8.4171
8.4135
8.41
8.4064
8.4029
8.3993
8.3957
8.3922
8.3886
8.385
8.3815
8.3779
8.3743
8.3708
8.3672
8.3637
8.3601
8.3565
8.353
8.3494
8.3458
8.3423
8.3387
8.3351
8.3316
8.328
8.3244
8.3209
8.3173
8.3138
8.3102
8.3066
8.3031
8.2995
8.2959
8.2924
8.2888
8.2852
8.2817
8.2781
8.2746
8.271
8.2681
8.2662
8.2644
8.2625
8.2606
8.2587
8.2568
8.255
8.2531
8.2512
8.2493
8.2475
8.2456
8.2437
8.2418
8.2399
8.2381
8.2362
8.2343
8.2324
8.2305
8.2287
8.2268
8.2249
8.223
8.2212
8.2193
8.2174
8.2155
8.2136
8.2118
8.2099
8.208
8.2061
8.2043
8.2024
8.2005
8.1986
8.1967
8.1949
8.193
8.1911
8.1892
8.1873
8.1855
8.1836
8.1817
8.1798
8.178
8.1761
8.1742
8.1723
8.1704
8.1686
8.1667
8.1648
8.1629
8.1611
8.1592
8.1573
8.1554
8.1535
8.1517
8.1498
8.1479
8.146
8.1441
8.1423
8.1404
8.1385
8.1366
8.1348
8.1329
8.131
8.1291
8.1272
8.1254
8.1235
8.1216
8.1197
8.1179
8.116
8.1141
8.1122
8.1119
8.112
8.1121
8.1122
8.1123
8.1124
8.1124
8.1125
8.1126
8.1127
8.1128
8.1128
8.1129
8.113
8.1131
8.1132
8.1133
8.1133
8.1134
8.1135
8.1136
8.1137
8.1138
8.1138
8.1139
8.114
8.1141
8.1142
8.1142
8.1143
8.1144
8.1145
8.1146
8.1147
8.1147
8.1148
8.1149
8.115
8.1151
8.1152
8.1152
8.1153
8.1154
8.1155
8.1156
8.1156
8.1157
8.1158
8.1159
8.116
8.1161
8.1161
8.1162
8.1163
8.1164
8.1165
8.1166
8.1166
8.1167
8.1168
8.1169
8.117
8.117
8.1171
8.1172
8.1173
8.1174
8.1175
8.1175
8.1176
8.1177
8.1178
8.1179
8.118
8.118
8.1181
8.1182
8.1183
8.1184
8.1184
8.1185
8.1186
8.1187
8.1193
8.1216
8.1239
8.1262
8.1285
8.1308
8.1331
8.1354
8.1377
8.14
8.1423
8.1446
8.1469
8.1492
8.1515
8.1538
8.1561
8.1584
8.1607
8.163
8.1653
8.1676
8.1699
8.1722
8.1745
8.1768
8.1791
8.1814
8.1837
8.186
8.1883
8.1906
8.1929
8.1952
8.1975
8.1998
8.2021
8.2044
8.2068
8.2091
8.2114
8.2137
8.216
8.2183
8.2206
8.2229
8.2252
8.2275
8.2298
8.2321
8.2344
8.2367
8.239
8.2413
8.2436
8.2459
8.2482
8.2505
8.2528
8.2551
8.2574
8.2597
8.262
8.2643
8.2666
8.2689
8.2712
8.2735
8.2758
8.2781
8.2804
8.2827
8.285
8.2873
8.2896
8.2919
8.2942
8.2965
8.2988
8.3011
8.3034
8.3057
8.308
8.3103
8.3132
8.3164
8.3196
8.3228
8.326
8.3292
8.3323
8.3355
8.3387
8.3419
8.3451
8.3483
8.3515
8.3547
8.3578
8.361
8.3642
8.3674
8.3706
8.3738
8.377
8.3802
8.3834
8.3865
8.3897
8.3929
8.3961
8.3993
8.4025
8.4057
8.4089
8.4121
8.4152
8.4184
8.4216
8.4248
8.428
8.4312
8.4344
8.4376
8.4408
8.4439
8.4471
8.4503
8.4535
8.4567
8.4599
8.4631
8.4663
8.4695
8.4726
8.4758
8.479
8.4822
8.4854
8.4886
8.4918
8.495
8.4981
8.5013
8.5045
8.5077
8.5109
8.5141
8.5173
8.5205
8.5237
8.5268
8.53
8.5332
8.5364
8.5396
8.5428
8.546
8.5492
8.5524
8.5555
8.5587
8.5619
8.5651
8.5683
8.5715
8.5747
8.5779
8.582
8.5861
8.5901
8.5942
8.5983
8.6024
8.6064
8.6105
8.6146
8.6187
8.6227
8.6268
8.6309
8.635
8.639
8.6431
8.6472
8.6513
8.6553
8.6594
8.6635
8.6676
8.6716
8.6757
8.6798
8.6839
8.688
8.692
8.6961
8.7002
8.7043
8.7083
8.7124
8.7165
8.7206
8.7246
8.7287
8.7328
8.7369
8.7409
8.745
8.7491
8.7532
8.7572
8.7613
8.7654
8.7695
8.7735
8.7776
8.7817
8.7858
8.7898
8.7939
8.798
8.8021
8.8062
8.8102
8.8143
8.8184
8.8225
8.8265
8.8306
8.8347
8.8388
8.8428
8.8469
8.851
8.8551
8.8591
8.8632
8.8673
8.8714
8.8754
8.8795
8.8836
8.8877
8.8917
8.8958
8.8999
8.904
8.9081
8.9121
8.9162
8.9206
8.9255
8.9304
8.9353
8.9402
8.945
8.9499
8.9548
8.9597
8.9646
8.9694
8.9743
8.9792
8.9841
8.989
8.9938
8.9987
9.0036
9.0085
9.0134
9.0182
9.0231
9.028
9.0329
9.0378
9.0426
9.0475
9.0524
9.0573
9.0622
9.067
9.0719
9.0768
9.0817
9.0866
9.0914
9.0963
9.1012
9.1061
9.111
9.1158
9.1207
9.1256
9.1305
9.1354
9.1402
9.1451
9.15
9.1549
9.1598
9.1646
9.1695
9.1744
9.1793
9.1842
9.189
9.1939
9.1988
9.2037
9.2086
9.2134
9.2183
9.2232
9.2281
9.233
9.2378
9.2427
9.2476
9.2525
9.2574
9.2622
9.2671
9.272
9.2769
9.2818
9.2866
9.2915
9.2964
9.3013
9.3062
9.311
9.3159
9.3208
9.3257
9.331
9.3365
9.3419
9.3473
9.3527
9.3581
9.3636
9.369
9.3744
9.3798
9.3853
9.3907
9.3961
9.4015
9.407
9.4124
9.4178
9.4232
9.4286
9.4341
9.4395
9.4449
9.4503
9.4558
9.4612
9.4666
9.472
9.4774
9.4829
9.4883
9.4937
9.4991
9.5046
9.51
9.5154
9.5208
9.5263
9.5317
9.5371
9.5425
9.5479
9.5534
9.5588
9.5642
9.5696
9.5751
9.5805
9.5859
9.5913
9.5968
9.6022
9.6076
9.613
9.6184
9.6239
9.6293
9.6347
9.6401
9.6456
9.651
9.6564
9.6618
9.6672
9.6727
9.6781
9.6835
9.6889
9.6944
9.6998
9.7052
9.7106
9.7161
9.7215
9.7269
9.7323
9.7377
9.7432
9.7486
9.754
9.7594
9.7649
9.7703
9.7757
9.7812
9.7869
9.7926
9.7983
9.804
9.8096
9.8153
9.821
9.8267
9.8324
9.8381
9.8438
9.8495
9.8551
9.8608
9.8665
9.8722
9.8779
9.8836
9.8893
9.895
9.9006
9.9063
9.912
9.9177
9.9234
9.9291
9.9348
9.9405
9.9461
9.9518
9.9575
9.9632
9.9689
9.9746
9.9803
9.9859
9.9916
9.9973
10.003
10.009
10.014
10.02
10.026
10.031
10.037
10.043
10.049
10.054
10.06
10.066
10.071
10.077
10.083
10.088
10.094
10.1
10.105
10.111
10.117
10.122
10.128
10.134
10.14
10.145
10.151
10.157
10.162
10.168
10.174
10.179
10.185
10.191
10.196
10.202
10.208
10.213
10.219
10.225
10.231
10.236
10.242
10.248
10.253
10.259
10.265
10.27
10.276
10.282
10.287
10.293
10.299
10.305
10.31
10.316
10.322
10.327
10.333
10.339
10.344
10.35
10.356
10.362
10.367
10.373
10.379
10.384
10.39
10.396
10.401
10.407
10.413
10.419
10.424
10.43
10.436
10.441
10.447
10.453
10.458
10.464
10.47
10.476
10.481
10.487
10.493
10.498
10.504
10.51
10.515
10.521
10.527
10.533
10.538
10.544
10.55
10.555
10.561
10.567
10.572
10.578
10.584
10.59
10.595
10.601
10.607
10.612
10.618
10.624
10.629
10.635
10.641
10.647
10.652
10.658
10.664
10.669
10.675
10.681
10.686
10.692
10.698
10.704
10.709
10.715
10.721
10.726
10.732
10.738
10.743
10.749
10.754
10.76
10.765
10.771
10.776
10.782
10.787
10.793
10.798
10.804
10.809
10.815
10.82
10.826
10.831
10.837
10.842
10.848
10.853
10.859
10.864
10.87
10.875
10.881
10.886
10.892
10.897
10.903
10.908
10.914
10.919
10.925
10.93
10.936
10.941
10.947
10.952
10.958
10.963
10.969
10.974
10.98
10.985
10.991
10.996
11.002
11.007
11.013
11.018
11.024
11.029
11.035
11.04
11.046
11.051
11.057
11.062
11.068
11.074
11.079
11.085
11.09
11.096
11.101
11.107
11.112
11.118
11.123
11.129
11.134
11.14
11.145
11.151
11.156
11.162
11.167
11.173
11.178
11.184
11.189
11.195
11.2
11.205
11.21
11.215
11.22
11.225
11.231
11.236
11.241
11.246
11.251
11.256
11.262
11.267
11.272
11.277
11.282
11.287
11.293
11.298
11.303
11.308
11.313
11.318
11.324
11.329
11.334
11.339
11.344
11.349
11.355
11.36
11.365
11.37
11.375
11.38
11.386
11.391
11.396
11.401
11.406
11.411
11.417
11.422
11.427
11.432
11.437
11.442
11.448
11.453
11.458
11.463
11.468
11.473
11.479
11.484
11.489
11.494
11.499
11.504
11.51
11.515
11.52
11.525
11.53
11.535
11.541
11.546
11.551
11.556
11.561
11.566
11.572
11.577
11.582
11.587
11.592
11.597
11.602
11.608
11.613
11.618
11.623
11.628
11.632
11.637
11.641
11.646
11.65
11.655
11.659
11.664
11.668
11.673
11.677
11.682
11.686
11.691
11.695
11.7
11.704
11.709
11.713
11.718
11.722
11.727
11.731
11.736
11.74
11.745
11.749
11.754
11.758
11.763
11.767
11.772
11.776
11.781
11.785
11.79
11.794
11.799
11.803
11.808
11.812
11.817
11.821
11.826
11.83
11.835
11.839
11.844
11.848
11.853
11.857
11.862
11.866
11.871
11.875
11.88
11.884
11.889
11.893
11.898
11.902
11.907
11.911
11.916
11.92
11.925
11.929
11.934
11.938
11.943
11.947
11.952
11.956
11.961
11.965
11.97
11.974
11.979
11.983
11.988
11.992
11.997
11.999
11.996
11.993
11.99
11.986
11.983
11.98
11.977
11.974
11.971
11.968
11.964
11.961
11.958
11.955
11.952
11.949
11.946
11.943
11.939
11.936
11.933
11.93
11.927
11.924
11.921
11.917
11.914
11.911
11.908
11.905
11.902
11.899
11.895
11.892
11.889
11.886
11.883
11.88
11.877
11.873
11.87
11.867
11.864
11.861
11.858
11.855
11.852
11.848
11.845
11.842
11.839
11.836
11.833
11.83
11.826
11.823
11.82
11.817
11.814
11.811
11.808
11.804
11.801
11.798
11.795
11.792
11.789
11.786
11.782
11.779
11.776
11.773
11.77
11.767
11.764
11.76
11.757
11.754
11.751
11.748
11.745
11.742
11.739
11.733
11.727
11.721
11.715
11.709
11.703
11.697
11.691
11.685
11.679
11.673
11.667
11.661
11.655
11.649
11.643
11.637
11.631
11.625
11.619
11.613
11.607
11.601
11.595
11.589
11.583
11.577
11.571
11.565
11.559
11.553
11.547
11.541
11.535
11.529
11.523
11.517
11.511
11.505
11.499
11.493
11.487
11.481
11.475
11.469
11.463
11.457
11.451
11.445
11.439
11.433
11.427
11.421
11.415
11.409
11.403
11.397
11.391
11.385
11.379
11.373
11.367
11.361
11.355
11.349
11.343
11.337
11.331
11.325
11.319
11.313
11.307
11.301
11.295
11.289
11.283
11.277
11.271
11.265
11.259
11.253
11.247
11.241
11.235
11.228
11.221
11.214
11.206
11.199
11.192
11.185
11.178
11.171
11.164
11.157
11.15
11.143
11.136
11.129
11.122
11.115
11.108
11.101
11.094
11.087
11.08
11.073
11.066
11.059
11.052
11.045
11.038
11.031
11.024
11.017
11.01
11.003
10.996
10.989
10.982
10.974
10.967
10.96
10.953
10.946
10.939
10.932
10.925
10.918
10.911
10.904
10.897
10.89
10.883
10.876
10.869
10.862
10.855
10.848
10.841
10.834
10.827
10.82
10.813
10.806
10.799
10.792
10.785
10.778
10.771
10.764
10.757
10.75
10.743
10.735
10.728
10.721
10.714
10.707
10.7
10.693
10.686
10.679
10.672
10.665
10.658
10.651
10.644
10.637
10.629
10.622
10.614
10.607
10.6
10.592
10.585
10.578
10.57
10.563
10.556
10.548
10.541
10.533
10.526
10.519
10.511
10.504
10.497
10.489
10.482
10.475
10.467
10.46
10.452
10.445
10.438
10.43
10.423
10.416
10.408
10.401
10.394
10.386
10.379
10.371
10.364
10.357
10.349
10.342
10.335
10.327
10.32
10.312
10.305
10.298
10.29
10.283
10.276
10.268
10.261
10.254
10.246
10.239
10.231
10.224
10.217
10.209
10.202
10.195
10.187
10.18
10.173
10.165
10.158
10.15
10.143
10.136
10.128
10.121
10.114
10.106
10.099
10.092
10.084
10.077
10.069
10.062
10.055
10.047
10.04
10.033
10.025
10.017
10.01
10.002
9.9944
9.9867
9.9791
9.9714
9.9638
9.9561
9.9485
9.9408
9.9332
9.9255
9.9179
9.9102
9.9025
9.8949
9.8872
9.8796
9.8719
9.8643
9.8566
9.849
9.8413
9.8337
9.826
9.8184
9.8107
9.803
9.7954
9.7877
9.7801
9.7724
9.7648
9.7571
9.7495
9.7418
9.7342
9.7265
9.7189
9.7112
9.7036
9.6959
9.6882
9.6806
9.6729
9.6653
9.6576
9.65
9.6423
9.6347
9.627
9.6194
9.6117
9.6041
9.5964
9.5888
9.5811
9.5734
9.5658
9.5581
9.5505
9.5428
9.5352
9.5275
9.5199
9.5122
9.5046
9.4969
9.4893
9.4816
9.4739
9.4663
9.4586
9.451
9.4433
9.4357
9.428
9.4204
9.4127
9.4051
9.3974
9.3888
9.3784
9.3681
9.3577
9.3473
9.337
9.3266
9.3162
9.3059
9.2955
9.2851
9.2748
9.2644
9.254
9.2436
9.2333
9.2229
9.2125
9.2022
9.1918
9.1814
9.1711
9.1607
9.1503
9.14
9.1296
9.1192
9.1088
9.0985
9.0881
9.0777
9.0674
9.057
9.0466
9.0363
9.0259
9.0155
9.0052
8.9948
8.9844
8.974
8.9637
8.9533
8.9429
8.9326
8.9222
8.9118
8.9015
8.8911
8.8807
8.8704
8.86
8.8496
8.8392
8.8289
8.8185
8.8081
8.7978
8.7874
8.777
8.7667
8.7563
8.7459
8.7356
8.7252
8.7148
8.7044
8.6941
8.6837
8.6733
8.663
8.6526
8.6422
8.6319
8.6215
8.6111
8.6008
8.5904
8.58
8.5696
8.5593
8.5489
8.5385
8.5282
8.5171
8.5059
8.4946
8.4833
8.4721
8.4608
8.4495
8.4383
8.427
8.4157
8.4045
8.3932
8.3819
8.3707
8.3594
8.3481
8.3369
8.3256
8.3143
8.3031
8.2918
8.2805
8.2693
8.258
8.2467
8.2355
8.2242
8.2129
8.2017
8.1904
8.1791
8.1679
8.1566
8.1453
8.1341
8.1228
8.1115
8.1003
8.089
8.0777
8.0665
8.0552
8.0439
8.0327
8.0214
8.0101
7.9989
7.9876
7.9763
7.9651
7.9538
7.9425
7.9313
7.92
7.9087
7.8975
7.8862
7.8749
7.8637
7.8524
7.8411
7.8299
7.8186
7.8073
7.7961
7.7848
7.7735
7.7623
7.751
7.7397
7.7285
7.7172
7.7059
7.6947
7.6834
7.6721
7.6609
7.6496
7.6383
7.6271
7.6158
7.6045
7.5933
7.5821
7.5713
7.5604
7.5496
7.5388
7.528
7.5172
7.5064
7.4956
7.4848
7.474
7.4632
7.4523
7.4415
7.4307
7.4199
7.4091
7.3983
7.3875
7.3767
7.3659
7.3551
7.3442
7.3334
7.3226
7.3118
7.301
7.2902
7.2794
7.2686
7.2578
7.247
7.2361
7.2253
7.2145
7.2037
7.1929
7.1821
7.1713
7.1605
7.1497
7.1388
7.128
7.1172
7.1064
7.0956
7.0848
7.074
7.0632
7.0524
7.0416
7.0307
7.0199
7.0091
6.9983
6.9875
6.9767
6.9659
6.9551
6.9443
6.9335
6.9226
6.9118
6.901
6.8902
6.8794
6.8686
6.8578
6.847
6.8362
6.8254
6.8145
6.8037
6.7929
6.7821
6.7713
6.7605
6.7497
6.7389
6.7281
6.7173
6.7064
6.6956
6.6848
6.6746
6.6648
6.6551
6.6453
6.6355
6.6258
6.616
6.6063
6.5965
6.5867
6.577
6.5672
6.5574
6.5477
6.5379
6.5281
6.5184
6.5086
6.4988
6.4891
6.4793
6.4695
6.4598
6.45
6.4402
6.4305
6.4207
6.4109
6.4012
6.3914
6.3817
6.3719
6.3621
6.3524
6.3426
6.3328
6.3231
6.3133
6.3035
6.2938
6.284
6.2742
6.2645
6.2547
6.2449
6.2352
6.2254
6.2156
6.2059
6.1961
6.1863
6.1766
6.1668
6.1571
6.1473
6.1375
6.1278
6.118
6.1082
6.0985
6.0887
6.0789
6.0692
6.0594
6.0496
6.0399
6.0301
6.0203
6.0106
6.0008
5.991
5.9813
5.9715
5.9617
5.952
5.9422
5.9325
5.9227
5.9129
5.9032
5.8934
5.8836
5.8739
5.8641
5.8555
5.847
5.8385
5.8299
5.8214
5.8129
5.8043
5.7958
5.7872
5.7787
5.7702
5.7616
5.7531
5.7446
5.736
5.7275
5.719
5.7104
5.7019
5.6933
5.6848
5.6763
5.6677
5.6592
5.6507
5.6421
5.6336
5.6251
5.6165
5.608
5.5994
5.5909
5.5824
5.5738
5.5653
5.5568
5.5482
5.5397
5.5312
5.5226
5.5141
5.5055
5.497
5.4885
5.4799
5.4714
5.4629
5.4543
5.4458
5.4373
5.4287
5.4202
5.4116
5.4031
5.3946
5.386
5.3775
5.369
5.3604
5.3519
5.3434
5.3348
5.3263
5.3178
5.3092
5.3007
5.2921
5.2836
5.2751
5.2665
5.258
5.2495
5.2409
5.2324
5.2239
5.2153
5.2068
5.1982
5.1897
5.1812
5.1726
5.1641
5.1556
5.1475
5.1402
5.1329
5.1255
5.1182
5.1109
5.1036
5.0962
5.0889
5.0816
5.0743
5.0669
5.0596
5.0523
5.045
5.0377
5.0303
5.023
5.0157
5.0084
5.001
4.9937
4.9864
4.9791
4.9718
4.9644
4.9571
4.9498
4.9425
4.9351
4.9278
4.9205
4.9132
4.9059
4.8985
4.8912
4.8839
4.8766
4.8692
4.8619
4.8546
4.8473
4.84
4.8326
4.8253
4.818
4.8107
4.8033
4.796
4.7887
4.7814
4.774
4.7667
4.7594
4.7521
4.7448
4.7374
4.7301
4.7228
4.7155
4.7081
4.7008
4.6935
4.6862
4.6789
4.6715
4.6642
4.6569
4.6496
4.6422
4.6349
4.6276
4.6203
4.613
4.6056
4.5983
4.591
4.5837
4.5763
4.569
4.5617
4.5544
4.5471
4.5397
4.5333
4.5271
4.5209
4.5147
4.5084
4.5022
4.496
4.4898
4.4836
4.4774
4.4712
4.465
4.4587
4.4525
4.4463
4.4401
4.4339
4.4277
4.4215
4.4153
4.4091
4.4028
4.3966
4.3904
4.3842
4.378
4.3718
4.3656
4.3594
4.3531
4.3469
4.3407
4.3345
4.3283
4.3221
4.3159
4.3097
4.3034
4.2972
4.291
4.2848
4.2786
4.2724
4.2662
4.26
4.2538
4.2475
4.2413
4.2351
4.2289
4.2227
4.2165
4.2103
4.2041
4.1978
4.1916
4.1854
4.1792
4.173
4.1668
4.1606
4.1544
4.1481
4.1419
4.1357
4.1295
4.1233
4.1171
4.1109
4.1047
4.0985
4.0922
4.086
4.0798
4.0736
4.0674
4.0612
4.055
4.0488
4.0425
4.0363
4.0301
4.0239
4.0179
4.0127
4.0074
4.0022
3.997
3.9917
3.9865
3.9813
3.976
3.9708
3.9656
3.9603
3.9551
3.9499
3.9446
3.9394
3.9342
3.9289
3.9237
3.9185
3.9132
3.908
3.9028
3.8975
3.8923
3.8871
3.8818
3.8766
3.8714
3.8661
3.8609
3.8557
3.8504
3.8452
3.84
3.8347
3.8295
3.8243
3.819
3.8138
3.8086
3.8033
3.7981
3.7929
3.7876
3.7824
3.7772
3.772
3.7667
3.7615
3.7563
3.751
3.7458
3.7406
3.7353
3.7301
3.7249
3.7196
3.7144
3.7092
3.7039
3.6987
3.6935
3.6882
3.683
3.6778
3.6725
3.6673
3.6621
3.6568
3.6516
3.6464
3.6411
3.6359
3.6307
3.6254
3.6202
3.615
3.6097
3.6045
3.5993
3.594
3.5888
3.5836
3.5789
3.5745
3.5701
3.5657
3.5613
3.5569
3.5526
3.5482
3.5438
3.5394
3.535
3.5306
3.5263
3.5219
3.5175
3.5131
3.5087
3.5043
3.5
3.4956
3.4912
3.4868
3.4824
3.478
3.4737
3.4693
3.4649
3.4605
3.4561
3.4517
3.4474
3.443
3.4386
3.4342
3.4298
3.4254
3.4211
3.4167
3.4123
3.4079
3.4035
3.3991
3.3948
3.3904
3.386
3.3816
3.3772
3.3729
3.3685
3.3641
3.3597
3.3553
3.3509
3.3466
3.3422
3.3378
3.3334
3.329
3.3246
3.3203
3.3159
3.3115
3.3071
3.3027
3.2983
3.294
3.2896
3.2852
3.2808
3.2764
3.272
3.2677
3.2633
3.2589
3.2545
3.2501
3.2457
3.2414
3.237
3.2326
3.2282
3.2238
3.2194
3.2151
3.2114
3.2078
3.2041
3.2005
3.1968
3.1932
3.1895
3.1859
3.1822
3.1786
3.175
3.1713
3.1677
3.164
3.1604
3.1567
3.1531
3.1494
3.1458
3.1421
3.1385
3.1348
3.1312
3.1275
3.1239
3.1202
3.1166
3.1129
3.1093
3.1057
3.102
3.0984
3.0947
3.0911
3.0874
3.0838
3.0801
3.0765
3.0728
3.0692
3.0655
3.0619
3.0582
3.0546
3.0509
3.0473
3.0436
3.04
3.0363
3.0327
3.0291
3.0254
3.0218
3.0181
3.0145
3.0108
3.0072
3.0035
2.9999
2.9962
2.9926
2.9889
2.9853
2.9816
2.978
2.9743
2.9707
2.967
2.9634
2.9598
2.9561
2.9525
2.9488
2.9452
2.9415
2.9379
2.9342
2.9306
2.9269
2.9233
2.9196
2.916
2.9123
2.909
2.906
2.903
2.8999
2.8969
2.8939
2.8909
2.8879
2.8849
2.8819
2.8789
2.8759
2.8729
2.8699
2.8669
2.8639
2.8609
2.8579
2.8548
2.8518
2.8488
2.8458
2.8428
2.8398
2.8368
2.8338
2.8308
2.8278
2.8248
2.8218
2.8188
2.8158
2.8127
2.8097
2.8067
2.8037
2.8007
2.7977
2.7947
2.7917
2.7887
2.7857
2.7827
2.7797
2.7767
2.7737
2.7707
2.7676
2.7646
2.7616
2.7586
2.7556
2.7526
2.7496
2.7466
2.7436
2.7406
2.7376
2.7346
2.7316
2.7286
2.7256
2.7225
2.7195
2.7165
2.7135
2.7105
2.7075
2.7045
2.7015
2.6985
2.6955
2.6925
2.6895
2.6865
2.6835
2.6805
2.6774
2.6744
2.6714
2.6684
2.6654
2.6624
2.6594
2.6569
2.6544
2.652
2.6495
2.6471
2.6447
2.6422
2.6398
2.6373
2.6349
2.6324
2.63
2.6276
2.6251
2.6227
2.6202
2.6178
2.6154
2.6129
2.6105
2.608
2.6056
2.6031
2.6007
2.5983
2.5958
2.5934
2.5909
2.5885
2.586
2.5836
2.5812
2.5787
2.5763
2.5738
2.5714
2.5689
2.5665
2.5641
2.5616
2.5592
2.5567
2.5543
2.5519
2.5494
2.547
2.5445
2.5421
2.5396
2.5372
2.5348
2.5323
2.5299
2.5274
2.525
2.5225
2.5201
2.5177
2.5152
2.5128
2.5103
2.5079
2.5054
2.503
2.5006
2.4981
2.4957
2.4932
2.4908
2.4884
2.4859
2.4835
2.481
2.4786
2.4761
2.4737
2.4713
2.4688
2.4664
2.4639
2.4615
2.459
2.4566
2.4543
2.4523
2.4504
2.4485
2.4465
2.4446
2.4427
2.4407
2.4388
2.4368
2.4349
2.433
2.431
2.4291
2.4271
2.4252
2.4233
2.4213
2.4194
2.4175
2.4155
2.4136
2.4116
2.4097
2.4078
2.4058
2.4039
2.4019
2.4
2.3981
2.3961
2.3942
2.3923
2.3903
2.3884
2.3864
2.3845
2.3826
2.3806
2.3787
2.3767
2.3748
2.3729
2.3709
2.369
2.3671
2.3651
2.3632
2.3612
2.3593
2.3574
2.3554
2.3535
2.3516
2.3496
2.3477
2.3457
2.3438
2.3419
2.3399
2.338
2.336
2.3341
2.3322
2.3302
2.3283
2.3264
2.3244
2.3225
2.3205
2.3186
2.3167
2.3147
2.3128
2.3108
2.3089
2.307
2.305
2.3031
2.3012
2.2992
2.2973
2.2953
2.2934
2.2918
2.2903
2.2888
2.2873
2.2858
2.2844
2.2829
2.2814
2.2799
2.2784
2.277
2.2755
2.274
2.2725
2.271
2.2695
2.2681
2.2666
2.2651
2.2636
2.2621
2.2607
2.2592
2.2577
2.2562
2.2547
2.2532
2.2518
2.2503
2.2488
2.2473
2.2458
2.2444
2.2429
2.2414
2.2399
2.2384
2.237
2.2355
2.234
2.2325
2.231
2.2295
2.2281
2.2266
2.2251
2.2236
2.2221
2.2207
2.2192
2.2177
2.2162
2.2147
2.2133
2.2118
2.2103
2.2088
2.2073
2.2058
2.2044
2.2029
2.2014
2.1999
2.1984
2.197
2.1955
2.194
2.1925
2.191
2.1896
2.1881
2.1866
2.1851
2.1836
2.1821
2.1807
2.1792
2.1777
2.1762
2.1747
2.1733
2.1718
2.1703
2.1688
2.1678
2.1667
2.1657
2.1646
2.1635
2.1625
2.1614
2.1604
2.1593
2.1582
2.1572
2.1561
2.1551
2.154
2.1529
2.1519
2.1508
2.1497
2.1487
2.1476
2.1466
2.1455
2.1444
2.1434
2.1423
2.1413
2.1402
2.1391
2.1381
2.137
2.136
2.1349
2.1338
2.1328
2.1317
2.1307
2.1296
2.1285
2.1275
2.1264
2.1254
2.1243
2.1232
2.1222
2.1211
2.1201
2.119
2.1179
2.1169
2.1158
2.1148
2.1137
2.1126
2.1116
2.1105
2.1094
2.1084
2.1073
2.1063
2.1052
2.1041
2.1031
2.102
2.101
2.0999
2.0988
2.0978
2.0967
2.0957
2.0946
2.0935
2.0925
2.0914
2.0904
2.0893
2.0882
2.0872
2.0861
2.0851
2.084
2.0829
2.0819
2.0808
2.0799
2.0793
2.0786
2.0779
2.0773
2.0766
2.0759
2.0753
2.0746
2.0739
2.0733
2.0726
2.0719
2.0713
2.0706
2.0699
2.0693
2.0686
2.0679
2.0673
2.0666
2.0659
2.0653
2.0646
2.0639
2.0633
2.0626
2.0619
2.0613
2.0606
2.0599
2.0593
2.0586
2.0579
2.0573
2.0566
2.0559
2.0553
2.0546
2.0539
2.0533
2.0526
2.0519
2.0512
2.0506
2.0499
2.0492
2.0486
2.0479
2.0472
2.0466
2.0459
2.0452
2.0446
2.0439
2.0432
2.0426
2.0419
2.0412
2.0406
2.0399
2.0392
2.0386
2.0379
2.0372
2.0366
2.0359
2.0352
2.0346
2.0339
2.0332
2.0326
2.0319
2.0312
2.0306
2.0299
2.0292
2.0286
2.0279
2.0272
2.0266
2.0259
2.0252
2.0246
2.0242
2.0239
2.0236
2.0233
2.0231
2.0228
2.0225
2.0222
2.0219
2.0216
2.0213
2.021
2.0207
2.0204
2.0201
2.0198
2.0195
2.0192
2.019
2.0187
2.0184
2.0181
2.0178
2.0175
2.0172
2.0169
2.0166
2.0163
2.016
2.0157
2.0154
2.0151
2.0149
2.0146
2.0143
2.014
2.0137
2.0134
2.0131
2.0128
2.0125
2.0122
2.0119
2.0116
2.0113
2.011
2.0108
2.0105
2.0102
2.0099
2.0096
2.0093
2.009
2.0087
2.0084
2.0081
2.0078
2.0075
2.0072
2.0069
2.0067
2.0064
2.0061
2.0058
2.0055
2.0052
2.0049
2.0046
2.0043
2.004
2.0037
2.0034
2.0031
2.0028
2.0026
2.0023
2.002
2.0017
2.0014
2.0011
2.0008
2.0005
2.0002
2
2.0001
2.0002
2.0002
2.0003
2.0004
2.0004
2.0005
2.0006
2.0007
2.0007
2.0008
2.0009
2.0009
2.001
2.0011
2.0011
2.0012
2.0013
2.0014
2.0014
2.0015
2.0016
2.0016
2.0017
2.0018
2.0018
2.0019
2.002
2.0021
2.0021
2.0022
2.0023
2.0023
2.0024
2.0025
2.0025
2.0026
2.0027
2.0028
2.0028
2.0029
2.003
2.003
2.0031
2.0032
2.0033
2.0033
2.0034
2.0035
2.0035
2.0036
2.0037
2.0037
2.0038
2.0039
2.004
2.004
2.0041
2.0042
2.0042
2.0043
2.0044
2.0044
2.0045
2.0046
2.0047
2.0047
2.0048
2.0049
2.0049
2.005
2.0051
2.0051
2.0052
2.0053
2.0054
2.0054
2.0055
2.0056
2.0056
2.0057
2.0058
2.0058
2.0062
2.0066
2.007
2.0075
2.0079
2.0083
2.0087
2.0092
2.0096
2.01
2.0105
2.0109
2.0113
2.0118
2.0122
2.0126
2.0131
2.0135
2.0139
2.0143
2.0148
2.0152
2.0156
2.0161
2.0165
2.0169
2.0174
2.0178
2.0182
2.0186
2.0191
2.0195
2.0199
2.0204
2.0208
2.0212
2.0217
2.0221
2.0225
2.023
2.0234
2.0238
2.0242
2.0247
2.0251
2.0255
2.026
2.0264
2.0268
2.0273
2.0277
2.0281
2.0285
2.029
2.0294
2.0298
2.0303
2.0307
2.0311
2.0316
2.032
2.0324
2.0328
2.0333
2.0337
2.0341
2.0346
2.035
2.0354
2.0359
2.0363
2.0367
2.0372
2.0376
2.038
2.0384
2.0389
2.0393
2.0397
2.0402
2.0406
2.041
2.0415
2.0419
2.0427
2.0435
2.0443
2.0451
2.0459
2.0466
2.0474
2.0482
2.049
2.0498
2.0506
2.0514
2.0521
2.0529
2.0537
2.0545
2.0553
2.0561
2.0569
2.0576
2.0584
2.0592
2.06
2.0608
2.0616
2.0624
2.0631
2.0639
2.0647
2.0655
2.0663
2.0671
2.0679
2.0686
2.0694
2.0702
2.071
2.0718
2.0726
2.0734
2.0741
2.0749
2.0757
2.0765
2.0773
2.0781
2.0789
2.0797
2.0804
2.0812
2.082
2.0828
2.0836
2.0844
2.0852
2.0859
2.0867
2.0875
2.0883
2.0891
2.0899
2.0907
2.0914
2.0922
2.093
2.0938
2.0946
2.0954
2.0962
2.0969
2.0977
2.0985
2.0993
2.1001
2.1009
2.1017
2.1024
2.1032
2.104
2.1048
2.1056
2.1064
2.1072
2.1081
2.109
2.11
2.111
2.112
2.113
2.114
2.115
2.116
2.117
2.118
2.119
2.12
2.121
2.122
2.123
2.124
2.125
2.126
2.1269
2.1279
2.1289
2.1299
2.1309
2.1319
2.1329
2.1339
2.1349
2.1359
2.1369
2.1379
2.1389
2.1399
2.1409
2.1419
2.1429
2.1439
2.1448
2.1458
2.1468
2.1478
2.1488
2.1498
2.1508
2.1518
2.1528
2.1538
2.1548
2.1558
2.1568
2.1578
2.1588
2.1598
2.1608
2.1618
2.1627
2.1637
2.1647
2.1657
2.1667
2.1677
2.1687
2.1697
2.1707
2.1717
2.1727
2.1737
2.1747
2.1757
2.1767
2.1777
2.1787
2.1797
2.1806
2.1816
2.1826
2.1836
2.1846
2.1856
2.1866
2.1876
2.1886
2.1896
2.1906
2.1917
2.1929
2.194
2.1952
2.1963
2.1974
2.1986
2.1997
2.2009
2.202
2.2032
2.2043
2.2054
2.2066
2.2077
2.2089
2.21
2.2112
2.2123
2.2135
2.2146
2.2157
2.2169
2.218
2.2192
2.2203
2.2215
2.2226
2.2237
2.2249
2.226
2.2272
2.2283
2.2295
2.2306
2.2318
2.2329
2.234
2.2352
2.2363
2.2375
2.2386
2.2398
2.2409
2.242
2.2432
2.2443
2.2455
2.2466
2.2478
2.2489
2.2501
2.2512
2.2523
2.2535
2.2546
2.2558
2.2569
2.2581
2.2592
2.2603
2.2615
2.2626
2.2638
2.2649
2.2661
2.2672
2.2683
2.2695
2.2706
2.2718
2.2729
2.2741
2.2752
2.2764
2.2775
2.2786
2.2798
2.2809
2.2821
2.2832
2.2844
2.2855
2.2867
2.288
2.2893
2.2905
2.2918
2.2931
2.2944
2.2957
2.2969
2.2982
2.2995
2.3008
2.3021
2.3033
2.3046
2.3059
2.3072
2.3085
2.3097
2.311
2.3123
2.3136
2.3149
2.3161
2.3174
2.3187
2.32
2.3213
2.3225
2.3238
2.3251
2.3264
2.3277
2.3289
2.3302
2.3315
2.3328
2.3341
2.3353
2.3366
2.3379
2.3392
2.3405
2.3417
2.343
2.3443
2.3456
2.3469
2.3481
2.3494
2.3507
2.352
2.3533
2.3545
2.3558
2.3571
2.3584
2.3597
2.3609
2.3622
2.3635
2.3648
2.3661
2.3673
2.3686
2.3699
2.3712
2.3725
2.3737
2.375
2.3763
2.3776
2.3789
2.3801
2.3814
2.3827
2.384
2.3853
2.3865
2.3878
2.3891
2.3904
2.3917
2.3929
2.3943
2.3957
2.3971
2.3985
2.3999
2.4013
2.4027
2.4041
2.4055
2.4069
2.4084
2.4098
2.4112
2.4126
2.414
2.4154
2.4168
2.4182
2.4196
2.421
2.4224
2.4238
2.4252
2.4266
2.428
2.4294
2.4308
2.4322
2.4336
2.435
2.4364
2.4378
2.4392
2.4407
2.4421
2.4435
2.4449
2.4463
2.4477
2.4491
2.4505
2.4519
2.4533
2.4547
2.4561
2.4575
2.4589
2.4603
2.4617
2.4631
2.4645
2.4659
2.4673
2.4687
2.4701
2.4715
2.4729
2.4744
2.4758
2.4772
2.4786
2.48
2.4814
2.4828
2.4842
2.4856
2.487
2.4884
2.4898
2.4912
2.4926
2.494
2.4954
2.4968
2.4982
2.4996
2.501
2.5024
2.5038
2.5052
2.5067
2.5081
2.5095
2.5109
2.5124
2.5139
2.5154
2.5169
2.5185
2.52
2.5215
2.523
2.5245
2.526
2.5276
2.5291
2.5306
2.5321
2.5336
2.5351
2.5367
2.5382
2.5397
2.5412
2.5427
2.5442
2.5458
2.5473
2.5488
2.5503
2.5518
2.5533
2.5549
2.5564
2.5579
2.5594
2.5609
2.5624
2.564
2.5655
2.567
2.5685
2.57
2.5715
2.5731
2.5746
2.5761
2.5776
2.5791
2.5806
2.5822
2.5837
2.5852
2.5867
2.5882
2.5897
2.5913
2.5928
2.5943
2.5958
2.5973
2.5988
2.6004
2.6019
2.6034
2.6049
2.6064
2.6079
2.6095
2.611
2.6125
2.614
2.6155
2.617
2.6186
2.6201
2.6216
2.6231
2.6246
2.6261
2.6277
2.6292
2.6307
2.6322
2.6337
2.6352
2.6368
2.6383
2.64
2.6416
2.6432
2.6448
2.6464
2.648
2.6497
2.6513
2.6529
2.6545
2.6561
2.6578
2.6594
2.661
2.6626
2.6642
2.6658
2.6675
2.6691
2.6707
2.6723
2.6739
2.6756
2.6772
2.6788
2.6804
2.682
2.6836
2.6853
2.6869
2.6885
2.6901
2.6917
2.6934
2.695
2.6966
2.6982
2.6998
2.7014
2.7031
2.7047
2.7063
2.7079
2.7095
2.7112
2.7128
2.7144
2.716
2.7176
2.7192
2.7209
2.7225
2.7241
2.7257
2.7273
2.729
2.7306
2.7322
2.7338
2.7354
2.737
2.7387
2.7403
2.7419
2.7435
2.7451
2.7468
2.7484
2.75
2.7516
2.7532
2.7548
2.7565
2.7581
2.7597
2.7613
2.7629
2.7646
2.7662
2.7678
2.7694
2.771
2.7726
2.7744
2.7761
2.7778
2.7795
2.7812
2.7829
2.7846
2.7863
2.788
2.7897
2.7914
2.7932
2.7949
2.7966
2.7983
2.8
2.8017
2.8034
2.8051
2.8068
2.8085
2.8103
2.812
2.8137
2.8154
2.8171
2.8188
2.8205
2.8222
2.8239
2.8256
2.8273
2.8291
2.8308
2.8325
2.8342
2.8359
2.8376
2.8393
2.841
2.8427
2.8444
2.8462
2.8479
2.8496
2.8513
2.853
2.8547
2.8564
2.8581
2.8598
2.8615
2.8632
2.865
2.8667
2.8684
2.8701
2.8718
2.8735
2.8752
2.8769
2.8786
2.8803
2.8821
2.8838
2.8855
2.8872
2.8889
2.8906
2.8923
2.894
2.8957
2.8974
2.8991
2.9009
2.9026
2.9043
2.906
2.9077
2.9094
2.9111
2.9128
2.9145
2.9163
2.9181
2.9199
2.9216
2.9234
2.9252
2.927
2.9288
2.9306
2.9324
2.9342
2.936
2.9378
2.9396
2.9414
2.9431
2.9449
2.9467
2.9485
2.9503
2.9521
2.9539
2.9557
2.9575
2.9593
2.9611
2.9628
2.9646
2.9664
2.9682
2.97
2.9718
2.9736
2.9754
2.9772
2.979
2.9808
2.9826
2.9843
2.9861
2.9879
2.9897
2.9915
2.9933
2.9951
2.9969
2.9987
3.0005
3.0023
3.0041
3.0058
3.0076
3.0094
3.0112
3.013
3.0148
3.0166
3.0184
3.0202
3.022
3.0238
3.0255
3.0273
3.0291
3.0309
3.0327
3.0345
3.0363
3.0381
3.0399
3.0417
3.0435
3.0453
3.047
3.0488
3.0506
3.0524
3.0542
3.056
3.0578
3.0596
3.0614
3.0632
3.065
3.0668
3.0687
3.0705
3.0724
3.0743
3.0761
3.078
3.0799
3.0817
3.0836
3.0855
3.0873
3.0892
3.0911
3.0929
3.0948
3.0966
3.0985
3.1004
3.1022
3.1041
3.106
3.1078
3.1097
3.1116
3.1134
3.1153
3.1172
3.119
3.1209
3.1228
3.1246
3.1265
3.1283
3.1302
3.1321
3.1339
3.1358
3.1377
3.1395
3.1414
3.1433
3.1451
3.147
3.1489
3.1507
3.1526
3.1545
3.1563
3.1582
3.1601
3.1619
3.1638
3.1656
3.1675
3.1694
3.1712
3.1731
3.175
3.1768
3.1787
3.1806
3.1824
3.1843
3.1862
3.188
3.1899
3.1918
3.1936
3.1955
3.1973
3.1992
3.2011
3.2029
3.2048
3.2067
3.2085
3.2104
3.2123
3.2141
3.216
3.2179
3.2197
3.2216
3.2235
3.2255
3.2274
3.2293
3.2313
3.2332
3.2351
3.237
3.239
3.2409
3.2428
3.2448
3.2467
3.2486
3.2506
3.2525
3.2544
3.2564
3.2583
3.2602
3.2621
3.2641
3.266
3.2679
3.2699
3.2718
3.2737
3.2757
3.2776
3.2795
3.2814
3.2834
3.2853
3.2872
3.2892
3.2911
3.293
3.295
3.2969
3.2988
3.3008
3.3027
3.3046
3.3065
3.3085
3.3104
3.3123
3.3143
3.3162
3.3181
3.3201
3.322
3.3239
3.3258
3.3278
3.3297
3.3316
3.3336
3.3355
3.3374
3.3394
3.3413
3.3432
3.3452
3.3471
3.349
3.3509
3.3529
3.3548
3.3567
3.3587
3.3606
3.3625
3.3645
3.3664
3.3683
3.3702
3.3722
3.3741
3.376
3.378
3.3799
3.3818
3.3838
3.3858
3.3878
3.3898
3.3917
3.3937
3.3957
3.3977
3.3997
3.4017
3.4037
3.4057
3.4076
3.4096
3.4116
3.4136
3.4156
3.4176
3.4196
3.4216
3.4235
3.4255
3.4275
3.4295
3.4315
3.4335
3.4355
3.4375
3.4394
3.4414
3.4434
3.4454
3.4474
3.4494
3.4514
3.4534
3.4553
3.4573
3.4593
3.4613
3.4633
3.4653
3.4673
3.4692
3.4712
3.4732
3.4752
3.4772
3.4792
3.4812
3.4832
3.4851
3.4871
3.4891
3.4911
3.4931
3.4951
3.4971
3.4991
3.501
3.503
3.505
3.507
3.509
3.511
3.513
3.515
3.5169
3.5189
3.5209
3.5229
3.5249
3.5269
3.5289
3.5309
3.5328
3.5348
3.5368
3.5388
3.5408
3.5428
3.5448
3.5468
3.5487
3.5508
3.5528
3.5548
3.5569
3.5589
3.561
3.563
3.565
3.5671
3.5691
3.5711
3.5732
3.5752
3.5772
3.5793
3.5813
3.5833
3.5854
3.5874
3.5895
3.5915
3.5935
3.5956
3.5976
3.5996
3.6017
3.6037
3.6057
3.6078
3.6098
3.6118
3.6139
3.6159
3.6179
3.62
3.622
3.6241
3.6261
3.6281
3.6302
3.6322
3.6342
3.6363
3.6383
3.6403
3.6424
3.6444
3.6464
3.6485
3.6505
3.6526
3.6546
3.6566
3.6587
3.6607
3.6627
3.6648
3.6668
3.6688
3.6709
3.6729
3.6749
3.677
3.679
3.6811
3.6831
3.6851
3.6872
3.6892
3.6912
3.6933
3.6953
3.6973
3.6994
3.7014
3.7034
3.7055
3.7075
3.7095
3.7116
3.7136
3.7157
3.7177
3.7197
3.7218
3.7239
3.726
3.7281
3.7301
3.7322
3.7343
3.7364
3.7384
3.7405
3.7426
3.7447
3.7467
3.7488
3.7509
3.753
3.7551
3.7571
3.7592
3.7613
3.7634
3.7654
3.7675
3.7696
3.7717
3.7737
3.7758
3.7779
3.78
3.7821
3.7841
3.7862
3.7883
3.7904
3.7924
3.7945
3.7966
3.7987
3.8007
3.8028
3.8049
3.807
3.8091
3.8111
3.8132
3.8153
3.8174
3.8194
3.8215
3.8236
3.8257
3.8277
3.8298
3.8319
3.834
3.8361
3.8381
3.8402
3.8423
3.8444
3.8464
3.8485
3.8506
3.8527
3.8548
3.8568
3.8589
3.861
3.8631
3.8651
3.8672
3.8693
3.8714
3.8734
3.8755
3.8776
3.8797
3.8818
3.8838
3.8859
3.888
3.8901
3.8921
3.8942
3.8964
3.8985
3.9006
3.9027
3.9048
3.9069
3.909
3.9112
3.9133
3.9154
3.9175
3.9196
3.9217
3.9238
3.9259
3.9281
3.9302
3.9323
3.9344
3.9365
3.9386
3.9407
3.9429
3.945
3.9471
3.9492
3.9513
3.9534
3.9555
3.9576
3.9598
3.9619
3.964
3.9661
3.9682
3.9703
3.9724
3.9746
3.9767
3.9788
3.9809
3.983
3.9851
3.9872
3.9894
3.9915
3.9936
3.9957
3.9978
3.9999
4.002
4.0041
4.0063
4.0084
4.0105
4.0126
4.0147
4.0168
4.0189
4.0211
4.0232
4.0253
4.0274
4.0295
4.0316
4.0337
4.0358
4.038
4.0401
4.0422
4.0443
4.0464
4.0485
4.0506
4.0528
4.0549
4.057
4.0591
4.0612
4.0633
4.0654
4.0675
4.0697
4.0718
4.074
4.0761
4.0783
4.0804
4.0825
4.0847
4.0868
4.089
4.0911
4.0933
4.0954
4.0976
4.0997
4.1019
4.104
4.1062
4.1083
4.1104
4.1126
4.1147
4.1169
4.119
4.1212
4.1233
4.1255
4.1276
4.1298
4.1319
4.1341
4.1362
4.1383
4.1405
4.1426
4.1448
4.1469
4.1491
4.1512
4.1534
4.1555
4.1577
4.1598
4.1619
4.1641
4.1662
4.1684
4.1705
4.1727
4.1748
4.177
4.1791
4.1813
4.1834
4.1856
4.1877
4.1898
4.192
4.1941
4.1963
4.1984
4.2006
4.2027
4.2049
4.207
4.2092
4.2113
4.2135
4.2156
4.2177
4.2199
4.222
4.2242
4.2263
4.2285
4.2306
4.2328
4.2349
4.2371
4.2392
4.2414
4.2435
4.2456
4.2478
4.25
4.2521
4.2543
4.2565
4.2587
4.2608
4.263
4.2652
4.2674
4.2695
4.2717
4.2739
4.2761
4.2782
4.2804
4.2826
4.2848
4.2869
4.2891
4.2913
4.2935
4.2956
4.2978
4.3
4.3022
4.3043
4.3065
4.3087
4.3109
4.313
4.3152
4.3174
4.3196
4.3217
4.3239
4.3261
4.3283
4.3304
4.3326
4.3348
4.337
4.3392
4.3413
4.3435
4.3457
4.3479
4.35
4.3522
4.3544
4.3566
4.3587
4.3609
4.3631
4.3653
4.3674
4.3696
4.3718
4.374
4.3761
4.3783
4.3805
4.3827
4.3848
4.387
4.3892
4.3914
4.3935
4.3957
4.3979
4.4001
4.4022
4.4044
4.4066
4.4088
4.4109
4.4131
4.4153
4.4175
4.4196
4.4218
4.424
4.4262
4.4284
4.4305
4.4327
4.4349
4.4371
4.4393
4.4415
4.4437
4.4459
4.4481
4.4504
4.4526
4.4548
4.457
4.4592
4.4614
4.4636
4.4658
4.468
4.4702
4.4724
4.4746
4.4768
4.479
4.4812
4.4834
4.4856
4.4878
4.49
4.4922
4.4944
4.4966
4.4988
4.501
4.5032
4.5054
4.5076
4.5098
4.512
4.5142
4.5164
4.5186
4.5208
4.523
4.5252
4.5274
4.5297
4.5319
4.5341
4.5363
4.5385
4.5407
4.5429
4.5451
4.5473
4.5495
4.5517
4.5539
4.5561
4.5583
4.5605
4.5627
4.5649
4.5671
4.5693
4.5715
4.5737
4.5759
4.5781
4.5803
4.5825
4.5847
4.5869
4.5891
4.5913
4.5935
4.5957
4.5979
4.6001
4.6023
4.6045
4.6067
4.609
4.6112
4.6134
4.6156
4.6178
4.62
4.6223
4.6245
4.6267
4.6289
4.6312
4.6334
4.6356
4.6379
4.6401
4.6423
4.6445
4.6468
4.649
4.6512
4.6535
4.6557
4.6579
4.6601
4.6624
4.6646
4.6668
4.669
4.6713
4.6735
4.6757
4.678
4.6802
4.6824
4.6846
4.6869
4.6891
4.6913
4.6936
4.6958
4.698
4.7002
4.7025
4.7047
4.7069
4.7092
4.7114
4.7136
4.7158
4.7181
4.7203
4.7225
4.7248
4.727
4.7292
4.7314
4.7337
4.7359
4.7381
4.7404
4.7426
4.7448
4.747
4.7493
4.7515
4.7537
4.7559
4.7582
4.7604
4.7626
4.7649
4.7671
4.7693
4.7715
4.7738
4.776
4.7782
4.7805
4.7827
4.7849
4.7871
4.7894
4.7916
4.7938
4.7961
4.7983
4.8005
4.8028
4.805
4.8073
4.8095
4.8118
4.814
4.8163
4.8185
4.8208
4.823
4.8253
4.8275
4.8298
4.832
4.8343
4.8365
4.8388
4.841
4.8433
4.8455
4.8478
4.8501
4.8523
4.8546
4.8568
4.8591
4.8613
4.8636
4.8658
4.8681
4.8703
4.8726
4.8748
4.8771
4.8793
4.8816
4.8838
4.8861
4.8883
4.8906
4.8928
4.8951
4.8973
4.8996
4.9019
4.9041
4.9064
4.9086
4.9109
4.9131
4.9154
4.9176
4.9199
4.9221
4.9244
4.9266
4.9289
4.9311
4.9334
4.9356
4.9379
4.9401
4.9424
4.9446
4.9469
4.9491
4.9514
4.9537
4.9559
4.9582
4.9604
4.9627
4.9649
4.9672
4.9694
4.9717
4.9739
4.9762
4.9784
4.9807
4.9829
4.9852
4.9874
4.9897
4.992
4.9942
4.9965
4.9988
5.0011
5.0033
5.0056
5.0079
5.0102
5.0124
5.0147
5.017
5.0193
5.0215
5.0238
5.0261
5.0284
5.0306
5.0329
5.0352
5.0375
5.0397
5.042
5.0443
5.0466
5.0488
5.0511
5.0534
5.0557
5.0579
5.0602
5.0625
5.0648
5.067
5.0693
5.0716
5.0739
5.0761
5.0784
5.0807
5.083
5.0852
5.0875
5.0898
5.0921
5.0943
5.0966
5.0989
5.1012
5.1034
5.1057
5.108
5.1103
5.1125
5.1148
5.1171
5.1194
5.1216
5.1239
5.1262
5.1285
5.1307
5.133
5.1353
5.1376
5.1398
5.1421
5.1444
5.1467
5.1489
5.1512
5.1535
5.1558
5.158
5.1603
5.1626
5.1649
5.1671
5.1694
5.1717
5.174
5.1762
5.1785
5.1808
5.1831
5.1854
5.1877
5.19
5.1923
5.1946
5.1969
5.1992
5.2015
5.2038
5.2061
5.2084
5.2106
5.2129
5.2152
5.2175
5.2198
5.2221
5.2244
5.2267
5.229
5.2313
5.2336
5.2359
5.2382
5.2405
5.2428
5.2451
5.2474
5.2497
5.252
5.2543
5.2566
5.2589
5.2612
5.2635
5.2658
5.2681
5.2704
5.2727
5.275
5.2772
5.2795
5.2818
5.2841
5.2864
5.2887
5.291
5.2933
5.2956
5.2979
5.3002
5.3025
5.3048
5.3071
5.3094
5.3117
5.314
5.3163
5.3186
5.3209
5.3232
5.3255
5.3278
5.3301
5.3324
5.3347
5.337
5.3393
5.3416
5.3438
5.3461
5.3484
5.3507
5.353
5.3553
5.3576
5.3599
5.3622
5.3645
5.3668
5.3691
5.3714
5.3737
5.376
5.3784
5.3807
5.383
5.3853
5.3876
5.3899
5.3923
5.3946
5.3969
5.3992
5.4015
5.4039
5.4062
5.4085
5.4108
5.4131
5.4154
5.4178
5.4201
5.4224
5.4247
5.427
5.4293
5.4317
5.434
5.4363
5.4386
5.4409
5.4433
5.4456
5.4479
5.4502
5.4525
5.4548
5.4572
5.4595
5.4618
5.4641
5.4664
5.4687
5.4711
5.4734
5.4757
5.478
5.4803
5.4826
5.485
5.4873
5.4896
5.4919
5.4942
5.4966
5.4989
5.5012
5.5035
5.5058
5.5081
5.5105
5.5128
5.5151
5.5174
5.5197
5.522
5.5244
5.5267
5.529
5.5313
5.5336
5.5359
5.5383
5.5406
5.5429
5.5452
5.5475
5.5499
5.5522
5.5545
5.5568
5.5591
5.5614
5.5638
5.5661
5.5684
5.5708
5.5731
5.5754
5.5778
5.5801
5.5824
5.5848
5.5871
5.5895
5.5918
5.5941
5.5965
5.5988
5.6011
5.6035
5.6058
5.6082
5.6105
5.6128
5.6152
5.6175
5.6198
5.6222
5.6245
5.6269
5.6292
5.6315
5.6339
5.6362
5.6385
5.6409
5.6432
5.6456
5.6479
5.6502
5.6526
5.6549
5.6572
5.6596
5.6619
5.6643
5.6666
5.6689
5.6713
5.6736
5.6759
5.6783
5.6806
5.683
5.6853
5.6876
5.69
5.6923
5.6946
5.697
5.6993
5.7017
5.704
5.7063
5.7087
5.711
5.7133
5.7157
5.718
5.7204
5.7227
5.725
5.7274
5.7297
5.732
5.7344
5.7367
5.7391
5.7414
5.7437
5.7461
5.7484
5.7507
5.7531
5.7554
5.7578
5.7601
5.7625
5.7648
5.7672
5.7695
5.7719
5.7742
5.7766
5.779
5.7813
5.7837
5.786
5.7884
5.7907
5.7931
5.7954
5.7978
5.8002
5.8025
5.8049
5.8072
5.8096
5.8119
5.8143
5.8167
5.819
5.8214
5.8237
5.8261
5.8284
5.8308
5.8332
5.8355
5.8379
5.8402
5.8426
5.8449
5.8473
5.8497
5.852
5.8544
5.8567
5.8591
5.8614
5.8638
5.8662
5.8685
5.8709
5.8732
5.8756
5.8779
5.8803
5.8827
5.885
5.8874
5.8897
5.8921
5.8944
5.8968
5.8992
5.9015
5.9039
5.9062
5.9086
5.9109
5.9133
5.9157
5.918
5.9204
5.9227
5.9251
5.9274
5.9298
5.9321
5.9345
5.9369
5.9392
5.9416
5.9439
5.9463
5.9486
5.951
5.9534
5.9557
5.9581
5.9605
5.9628
5.9652
5.9676
5.97
5.9723
5.9747
5.9771
5.9795
5.9818
5.9842
5.9866
5.989
5.9913
5.9937
5.9961
5.9985
6.0008
6.0032
6.0056
6.008
6.0103
6.0127
6.0151
6.0175
6.0198
6.0222
6.0246
6.027
6.0294
6.0317
6.0341
6.0365
6.0389
6.0412
6.0436
6.046
6.0484
6.0507
6.0531
6.0555
6.0579
6.0602
6.0626
6.065
6.0674
6.0697
6.0721
6.0745
6.0769
6.0792
6.0816
6.084
6.0864
6.0887
6.0911
6.0935
6.0959
6.0982
6.1006
6.103
6.1054
6.1077
6.1101
6.1125
6.1149
6.1172
6.1196
6.122
6.1244
6.1268
6.1291
6.1315
6.1339
6.1363
6.1386
6.141
6.1434
6.1458
6.1481
6.1505
6.1529
6.1553
6.1576
6.16
6.1624
6.1648
6.1672
6.1696
6.172
6.1744
6.1768
6.1792
6.1816
6.184
6.1864
6.1888
6.1912
6.1936
6.1959
6.1983
6.2007
6.2031
6.2055
6.2079
6.2103
6.2127
6.2151
6.2175
6.2199
6.2223
6.2247
6.2271
6.2295
6.2319
6.2342
6.2366
6.239
6.2414
6.2438
6.2462
6.2486
6.251
6.2534
6.2558
6.2582
6.2606
6.263
6.2654
6.2678
6.2701
6.2725
6.2749
6.2773
6.2797
6.2821
6.2845
6.2869
6.2893
6.2917
6.2941
6.2965
6.2989
6.3013
6.3037
6.3061
6.3084
6.3108
6.3132
6.3156
6.318
6.3204
6.3228
6.3252
6.3276
6.33
6.3324
6.3348
6.3372
6.3396
6.342
6.3444
6.3467
6.3491
6.3515
6.3539
6.3563
6.3584
6.3605
6.3625
6.3646
6.3667
6.3688
6.3709
6.3729
6.375
6.3771
6.3792
6.3813
6.3834
6.3854
6.3875
6.3896
6.3917
6.3938
6.3959
6.3979
6.4
6.4021
6.4042
6.4063
6.4084
6.4104
6.4125
6.4146
6.4167
6.4188
6.4209
6.4229
6.425
6.4271
6.4292
6.4313
6.4334
6.4354
6.4375
6.4396
6.4417
6.4438
6.4458
6.4479
6.45
6.4521
6.4542
6.4563
6.4583
6.4604
6.4625
6.4646
6.4667
6.4688
6.4708
6.4729
6.475
6.4771
6.4792
6.4813
6.4833
6.4854
6.4875
6.4896
6.4917
6.4938
6.4958
6.4979
6.5
6.5021
6.5042
6.5063
6.5083
6.5104
6.5125
6.5146
6.5167
6.5187
6.5208
6.5229
6.525
6.5271
6.5292
6.5305
6.5311
6.5317
6.5324
6.533
6.5336
6.5342
6.5349
6.5355
6.5361
6.5368
6.5374
6.538
6.5387
6.5393
6.5399
6.5405
6.5412
6.5418
6.5424
6.5431
6.5437
6.5443
6.5449
6.5456
6.5462
6.5468
6.5475
6.5481
6.5487
6.5494
6.55
6.5506
6.5512
6.5519
6.5525
6.5531
6.5538
6.5544
6.555
6.5556
6.5563
6.5569
6.5575
6.5582
6.5588
6.5594
6.5601
6.5607
6.5613
6.5619
6.5626
6.5632
6.5638
6.5645
6.5651
6.5657
6.5663
6.567
6.5676
6.5682
6.5689
6.5695
6.5701
6.5708
6.5714
6.572
6.5726
6.5733
6.5739
6.5745
6.5752
6.5758
6.5764
6.577
6.5777
6.5783
6.5789
6.5796
6.5802
6.5808
6.5815
6.5821
6.5827
6.5823
6.5819
6.5815
6.581
6.5806
6.5802
6.5797
6.5793
6.5789
6.5784
6.578
6.5776
6.5771
6.5767
6.5763
6.5758
6.5754
6.575
6.5745
6.5741
6.5737
6.5732
6.5728
6.5724
6.5719
6.5715
6.5711
6.5706
6.5702
6.5698
6.5693
6.5689
6.5685
6.568
6.5676
6.5672
6.5667
6.5663
6.5659
6.5654
6.565
6.5646
6.5641
6.5637
6.5632
6.5628
6.5624
6.5619
6.5615
6.5611
6.5606
6.5602
6.5598
6.5593
6.5589
6.5585
6.558
6.5576
6.5572
6.5567
6.5563
6.5559
6.5554
6.555
6.5546
6.5541
6.5537
6.5533
6.5528
6.5524
6.552
6.5515
6.5511
6.5507
6.5502
6.5498
6.5494
6.5489
6.5485
6.5481
6.5476
6.5472
6.5468
6.5461
6.5449
6.5436
6.5424
6.5412
6.54
6.5388
6.5376
6.5364
6.5352
6.534
6.5328
6.5316
6.5304
6.5292
6.528
6.5268
6.5256
6.5244
6.5232
6.522
6.5208
6.5196
6.5184
6.5172
6.516
6.5147
6.5135
6.5123
6.5111
6.5099
6.5087
6.5075
6.5063
6.5051
6.5039
6.5027
6.5015
6.5003
6.4991
6.4979
6.4967
6.4955
6.4943
6.4931
6.4919
6.4907
6.4895
6.4883
6.487
6.4858
6.4846
6.4834
6.4822
6.481
6.4798
6.4786
6.4774
6.4762
6.475
6.4738
6.4726
6.4714
6.4702
6.469
6.4678
6.4666
6.4654
6.4642
6.463
6.4618
6.4606
6.4593
6.4581
6.4569
6.4557
6.4545
6.4533
6.4521
6.4509
6.4497
6.4485
6.4473
6.4461
6.4445
6.4428
6.441
6.4393
6.4376
6.4358
6.4341
6.4324
6.4306
6.4289
6.4272
6.4254
6.4237
6.422
6.4202
6.4185
6.4168
6.415
6.4133
6.4116
6.4098
6.4081
6.4064
6.4046
6.4029
6.4012
6.3994
6.3977
6.396
6.3942
6.3925
6.3908
6.389
6.3873
6.3856
6.3838
6.3821
6.3804
6.3786
6.3769
6.3752
6.3734
6.3717
6.37
6.3682
6.3665
6.3648
6.363
6.3613
6.3596
6.3578
6.3561
6.3544
6.3526
6.3509
6.3492
6.3474
6.3457
6.344
6.3422
6.3405
6.3388
6.337
6.3353
6.3336
6.3318
6.3301
6.3284
6.3266
6.3249
6.3232
6.3214
6.3197
6.318
6.3162
6.3145
6.3128
6.311
6.3093
6.3076
6.3058
6.3041
6.3024
6.3006
6.2985
6.2964
6.2944
6.2923
6.2902
6.2882
6.2861
6.284
6.2819
6.2799
6.2778
6.2757
6.2737
6.2716
6.2695
6.2675
6.2654
6.2633
6.2613
6.2592
6.2571
6.2551
6.253
6.2509
6.2488
6.2468
6.2447
6.2426
6.2406
6.2385
6.2364
6.2344
6.2323
6.2302
6.2282
6.2261
6.224
6.222
6.2199
6.2178
6.2157
6.2137
6.2116
6.2095
6.2075
6.2054
6.2033
6.2013
6.1992
6.1971
6.1951
6.193
6.1909
6.1888
6.1868
6.1847
6.1826
6.1806
6.1785
6.1764
6.1744
6.1723
6.1702
6.1682
6.1661
6.164
6.162
6.1599
6.1578
6.1557
6.1537
6.1516
6.1495
6.1475
6.1454
6.1433
6.1413
6.1392
6.1371
6.1351
6.133
6.1309
6.1289
6.1267
6.1244
6.1222
6.1199
6.1177
6.1154
6.1132
6.1109
6.1086
6.1064
6.1041
6.1019
6.0996
6.0974
6.0951
6.0929
6.0906
6.0884
6.0861
6.0839
6.0816
6.0793
6.0771
6.0748
6.0726
6.0703
6.0681
6.0658
6.0636
6.0613
6.0591
6.0568
6.0546
6.0523
6.05
6.0478
6.0455
6.0433
6.041
6.0388
6.0365
6.0343
6.032
6.0298
6.0275
6.0253
6.023
6.0207
6.0185
6.0162
6.014
6.0117
6.0095
6.0072
6.005
6.0027
6.0005
5.9982
5.996
5.9937
5.9914
5.9892
5.9869
5.9847
5.9824
5.9802
5.9779
5.9757
5.9734
5.9712
5.9689
5.9666
5.9644
5.9621
5.9599
5.9576
5.9554
5.9531
5.9509
5.9486
5.9464
5.9441
5.9419
5.9396
5.9373
5.935
5.9327
5.9304
5.9282
5.9259
5.9236
5.9213
5.919
5.9167
5.9144
5.9121
5.9098
5.9075
5.9053
5.903
5.9007
5.8984
5.8961
5.8938
5.8915
5.8892
5.8869
5.8847
5.8824
5.8801
5.8778
5.8755
5.8732
5.8709
5.8686
5.8663
5.864
5.8618
5.8595
5.8572
5.8549
5.8526
5.8503
5.848
5.8457
5.8434
5.8412
5.8389
5.8366
5.8343
5.832
5.8297
5.8274
5.8251
5.8228
5.8205
5.8183
5.816
5.8137
5.8114
5.8091
5.8068
5.8045
5.8022
5.7999
5.7977
5.7954
5.7931
5.7908
5.7885
5.7862
5.7839
5.7816
5.7793
5.777
5.7748
5.7725
5.7702
5.7679
5.7656
5.7633
5.761
5.7587
5.7564
5.7541
5.7519
5.7496
5.7473
5.7452
5.743
5.7409
5.7387
5.7365
5.7344
5.7322
5.7301
5.7279
5.7258
5.7236
5.7214
5.7193
5.7171
5.715
5.7128
5.7107
5.7085
5.7063
5.7042
5.702
5.6999
5.6977
5.6956
5.6934
5.6912
5.6891
5.6869
5.6848
5.6826
5.6805
5.6783
5.6761
5.674
5.6718
5.6697
5.6675
5.6654
5.6632
5.661
5.6589
5.6567
5.6546
5.6524
5.6503
5.6481
5.6459
5.6438
5.6416
5.6395
5.6373
5.6352
5.633
5.6308
5.6287
5.6265
5.6244
5.6222
5.6201
5.6179
5.6157
5.6136
5.6114
5.6093
5.6071
5.6049
5.6028
5.6006
5.5985
5.5963
5.5942
5.592
5.5898
5.5877
5.5855
5.5834
5.5812
5.5791
5.5769
5.5747
5.5726
5.5704
5.5683
5.5663
5.5643
5.5624
5.5604
5.5584
5.5565
5.5545
5.5526
5.5506
5.5487
5.5467
5.5447
5.5428
5.5408
5.5389
5.5369
5.5349
5.533
5.531
5.5291
5.5271
5.5252
5.5232
5.5212
5.5193
5.5173
5.5154
5.5134
5.5115
5.5095
5.5075
5.5056
5.5036
5.5017
5.4997
5.4977
5.4958
5.4938
5.4919
5.4899
5.488
5.486
5.484
5.4821
5.4801
5.4782
5.4762
5.4742
5.4723
5.4703
5.4684
5.4664
5.4645
5.4625
5.4605
5.4586
5.4566
5.4547
5.4527
5.4508
5.4488
5.4468
5.4449
5.4429
5.441
5.439
5.437
5.4351
5.4331
5.4312
5.4292
5.4273
5.4253
5.4233
5.4214
5.4194
5.4175
5.4155
5.4136
5.4116
5.4096
5.4077
5.4057
5.4038
5.4021
5.4004
5.3987
5.397
5.3953
5.3936
5.3919
5.3902
5.3885
5.3868
5.3851
5.3834
5.3817
5.38
5.3783
5.3766
5.3749
5.3732
5.3715
5.3698
5.3681
5.3664
5.3647
5.363
5.3613
5.3596
5.3579
5.3562
5.3545
5.3528
5.3511
5.3494
5.3477
5.346
5.3443
5.3426
5.3409
5.3392
5.3375
5.3358
5.3341
5.3324
5.3306
5.3289
5.3272
5.3255
5.3238
5.3221
5.3204
5.3187
5.317
5.3153
5.3136
5.3119
5.3102
5.3085
5.3068
5.3051
5.3034
5.3017
5.3
5.2983
5.2966
5.2949
5.2932
5.2915
5.2898
5.2881
5.2864
5.2847
5.283
5.2813
5.2796
5.2779
5.2762
5.2745
5.2728
5.2711
5.2694
5.2677
5.266
5.2643
5.2626
5.2611
5.2597
5.2583
5.2568
5.2554
5.254
5.2526
5.2512
5.2498
5.2484
5.247
5.2456
5.2442
5.2428
5.2414
5.24
5.2386
5.2371
5.2357
5.2343
5.2329
5.2315
5.2301
5.2287
5.2273
5.2259
5.2245
5.2231
5.2217
5.2203
5.2189
5.2174
5.216
5.2146
5.2132
5.2118
5.2104
5.209
5.2076
5.2062
5.2048
5.2034
5.202
5.2006
5.1991
5.1977
5.1963
5.1949
5.1935
5.1921
5.1907
5.1893
5.1879
5.1865
5.1851
5.1837
5.1823
5.1809
5.1794
5.178
5.1766
5.1752
5.1738
5.1724
5.171
5.1696
5.1682
5.1668
5.1654
5.164
5.1626
5.1612
5.1597
5.1583
5.1569
5.1555
5.1541
5.1527
5.1513
5.1499
5.1485
5.1471
5.1457
5.1443
5.1432
5.1421
5.141
5.1399
5.1388
5.1377
5.1366
5.1356
5.1345
5.1334
5.1323
5.1312
5.1301
5.129
5.1279
5.1268
5.1257
5.1247
5.1236
5.1225
5.1214
5.1203
5.1192
5.1181
5.117
5.1159
5.1148
5.1138
5.1127
5.1116
5.1105
5.1094
5.1083
5.1072
5.1061
5.105
5.1039
5.1029
5.1018
5.1007
5.0996
5.0985
5.0974
5.0963
5.0952
5.0941
5.093
5.092
5.0909
5.0898
5.0887
5.0876
5.0865
5.0854
5.0843
5.0832
5.0821
5.0811
5.08
5.0789
5.0778
5.0767
5.0756
5.0745
5.0734
5.0723
5.0712
5.0702
5.0691
5.068
5.0669
5.0658
5.0647
5.0636
5.0625
5.0614
5.0603
5.0593
5.0582
5.0571
5.056
5.0549
5.0538
5.0529
5.0521
5.0513
5.0506
5.0498
5.0491
5.0483
5.0475
5.0468
5.046
5.0453
5.0445
5.0438
5.043
5.0422
5.0415
5.0407
5.04
5.0392
5.0384
5.0377
5.0369
5.0362
5.0354
5.0346
5.0339
5.0331
5.0324
5.0316
5.0308
5.0301
5.0293
5.0286
5.0278
5.027
5.0263
5.0255
5.0248
5.024
5.0233
5.0225
5.0217
5.021
5.0202
5.0195
5.0187
5.0179
5.0172
5.0164
5.0157
5.0149
5.0141
5.0134
5.0126
5.0119
5.0111
5.0103
5.0096
5.0088
5.0081
5.0073
5.0065
5.0058
5.005
5.0043
5.0035
5.0028
5.002
5.0012
5.0005
4.9997
4.999
4.9982
4.9974
4.9967
4.9959
4.9952
4.9944
4.9936
4.9929
4.9921
4.9914
4.9906
4.9898
4.9894
4.9889
4.9885
4.9881
4.9877
4.9873
4.9868
4.9864
4.986
4.9856
4.9851
4.9847
4.9843
4.9839
4.9835
4.983
4.9826
4.9822
4.9818
4.9813
4.9809
4.9805
4.9801
4.9796
4.9792
4.9788
4.9784
4.978
4.9775
4.9771
4.9767
4.9763
4.9758
4.9754
4.975
4.9746
4.9742
4.9737
4.9733
4.9729
4.9725
4.972
4.9716
4.9712
4.9708
4.9704
4.9699
4.9695
4.9691
4.9687
4.9682
4.9678
4.9674
4.967
4.9665
4.9661
4.9657
4.9653
4.9649
4.9644
4.964
4.9636
4.9632
4.9627
4.9623
4.9619
4.9615
4.9611
4.9606
4.9602
4.9598
4.9594
4.9589
4.9585
4.9581
4.9577
4.9573
4.9568
4.9564
4.956
4.9556
4.9551
4.9547
4.9544
4.9543
4.9542
4.9541
4.954
4.954
4.9539
4.9538
4.9537
4.9536
4.9535
4.9534
4.9534
4.9533
4.9532
4.9531
4.953
4.9529
4.9528
4.9528
4.9527
4.9526
4.9525
4.9524
4.9523
4.9522
4.9522
4.9521
4.952
4.9519
4.9518
4.9517
4.9517
4.9516
4.9515
4.9514
4.9513
4.9512
4.9511
4.9511
4.951
4.9509
4.9508
4.9507
4.9506
4.9505
4.9505
4.9504
4.9503
4.9502
4.9501
4.95
4.9499
4.9499
4.9498
4.9497
4.9496
4.9495
4.9494
4.9494
4.9493
4.9492
4.9491
4.949
4.9489
4.9488
4.9488
4.9487
4.9486
4.9485
4.9484
4.9483
4.9482
4.9482
4.9481
4.948
4.9479
4.9478
4.9477
4.9476
4.9476
4.9475
4.9474
4.9473
4.9474
4.9477
4.9479
4.9482
4.9484
4.9487
4.9489
4.9492
4.9494
4.9497
4.9499
4.9502
4.9504
4.9507
4.9509
4.9512
4.9514
4.9517
4.9519
4.9522
4.9524
4.9527
4.9529
4.9532
4.9534
4.9537
4.9539
4.9542
4.9544
4.9547
4.9549
4.9552
4.9554
4.9557
4.9559
4.9562
4.9564
4.9566
4.9569
4.9571
4.9574
4.9576
4.9579
4.9581
4.9584
4.9586
4.9589
4.9591
4.9594
4.9596
4.9599
4.9601
4.9604
4.9606
4.9609
4.9611
4.9614
4.9616
4.9619
4.9621
4.9624
4.9626
4.9629
4.9631
4.9634
4.9636
4.9639
4.9641
4.9644
4.9646
4.9649
4.9651
4.9654
4.9656
4.9659
4.9661
4.9664
4.9666
4.9669
4.9671
4.9674
4.9676
4.9678
4.9681
4.9687
4.9693
4.9698
4.9704
4.971
4.9716
4.9721
4.9727
4.9733
4.9739
4.9745
4.975
4.9756
4.9762
4.9768
4.9773
4.9779
4.9785
4.9791
4.9796
4.9802
4.9808
4.9814
4.9819
4.9825
4.9831
4.9837
4.9842
4.9848
4.9854
4.986
4.9865
4.9871
4.9877
4.9883
4.9889
4.9894
4.99
4.9906
4.9912
4.9917
4.9923
4.9929
4.9935
4.994
4.9946
4.9952
4.9958
4.9963
4.9969
4.9975
4.9981
4.9986
4.9992
4.9998
5.0004
5.001
5.0015
5.0021
5.0027
5.0033
5.0038
5.0044
5.005
5.0056
5.0061
5.0067
5.0073
5.0079
5.0084
5.009
5.0096
5.0102
5.0107
5.0113
5.0119
5.0125
5.013
5.0136
5.0142
5.0148
5.0154
5.0159
5.0167
5.0175
5.0184
5.0193
5.0202
5.0211
5.022
5.0229
5.0238
5.0247
5.0256
5.0265
5.0274
5.0283
5.0292
5.0301
5.0309
5.0318
5.0327
5.0336
5.0345
5.0354
5.0363
5.0372
5.0381
5.039
5.0399
5.0408
5.0417
5.0426
5.0435
5.0443
5.0452
5.0461
5.047
5.0479
5.0488
5.0497
5.0506
5.0515
5.0524
5.0533
5.0542
5.0551
5.056
5.0569
5.0577
5.0586
5.0595
5.0604
5.0613
5.0622
5.0631
5.064
5.0649
5.0658
5.0667
5.0676
5.0685
5.0694
5.0703
5.0711
5.072
5.0729
5.0738
5.0747
5.0756
5.0765
5.0774
5.0783
5.0792
5.0801
5.081
5.0819
5.0828
5.0837
5.0845
5.0854
5.0863
5.0872
5.0881
5.089
5.0899
5.0908
5.092
5.0932
5.0944
5.0956
5.0968
5.098
5.0992
5.1004
5.1016
5.1028
5.1041
5.1053
5.1065
5.1077
5.1089
5.1101
5.1113
5.1125
5.1137
5.1149
5.1161
5.1173
5.1186
5.1198
5.121
5.1222
5.1234
5.1246
5.1258
5.127
5.1282
5.1294
5.1306
5.1318
5.1331
5.1343
5.1355
5.1367
5.1379
5.1391
5.1403
5.1415
5.1427
5.1439
5.1451
5.1464
5.1476
5.1488
5.15
5.1512
5.1524
5.1536
5.1548
5.156
5.1572
5.1584
5.1596
5.1609
5.1621
5.1633
5.1645
5.1657
5.1669
5.1681
5.1693
5.1705
5.1717
5.1729
5.1741
5.1754
5.1766
5.1778
5.179
5.1802
5.1814
5.1826
5.1838
5.185
5.1862
5.1874
5.1886
5.1899
5.1911
5.1924
5.1941
5.1957
5.1974
5.1991
5.2008
5.2024
5.2041
5.2058
5.2074
5.2091
5.2108
5.2125
5.2141
5.2158
5.2175
5.2191
5.2208
5.2225
5.2241
5.2258
5.2275
5.2292
5.2308
5.2325
5.2342
5.2358
5.2375
5.2392
5.2409
5.2425
5.2442
5.2459
5.2475
5.2492
5.2509
5.2525
5.2542
5.2559
5.2576
5.2592
5.2609
5.2626
5.2642
5.2659
5.2676
5.2692
5.2709
5.2726
5.2743
5.2759
5.2776
5.2793
5.2809
5.2826
5.2843
5.286
5.2876
5.2893
5.291
5.2926
5.2943
5.296
5.2976
5.2993
5.301
5.3027
5.3043
5.306
5.3077
5.3093
5.311
5.3127
5.3144
5.316
5.3177
5.3194
5.321
5.3227
5.3244
5.326
5.3277
5.3294
5.3311
5.3333
5.3358
5.3382
5.3407
5.3432
5.3456
5.3481
5.3506
5.3531
5.3555
5.358
5.3605
5.3629
5.3654
5.3679
5.3704
5.3728
5.3753
5.3778
5.3802
5.3827
5.3852
5.3876
5.3901
5.3926
5.3951
5.3975
5.4
5.4025
5.4049
5.4074
5.4099
5.4124
5.4148
5.4173
5.4198
5.4222
5.4247
5.4272
5.4297
5.4321
5.4346
5.4371
5.4395
5.442
5.4445
5.447
5.4494
5.4519
5.4544
5.4568
5.4593
5.4618
5.4643
5.4667
5.4692
5.4717
5.4741
5.4766
5.4791
5.4816
5.484
5.4865
5.489
5.4914
5.4939
5.4964
5.4988
5.5013
5.5038
5.5063
5.5087
5.5112
5.5137
5.5161
5.5186
5.5211
5.5236
5.526
5.5285
5.531
5.5334
5.5359
5.5385
5.5421
5.5457
5.5493
5.5528
5.5564
5.56
5.5636
5.5672
5.5708
5.5744
5.578
5.5815
5.5851
5.5887
5.5923
5.5959
5.5995
5.6031
5.6067
5.6102
5.6138
5.6174
5.621
5.6246
5.6282
5.6318
5.6353
5.6389
5.6425
5.6461
5.6497
5.6533
5.6569
5.6605
5.664
5.6676
5.6712
5.6748
5.6784
5.682
5.6856
5.6891
5.6927
5.6963
5.6999
5.7035
5.7071
5.7107
5.7143
5.7178
5.7214
5.725
5.7286
5.7322
5.7358
5.7394
5.743
5.7465
5.7501
5.7537
5.7573
5.7609
5.7645
5.7681
5.7716
5.7752
5.7788
5.7824
5.786
5.7896
5.7932
5.7968
5.8003
5.8039
5.8075
5.8111
5.8147
5.8183
5.8219
5.8254
5.829
5.8326
5.8362
5.8404
5.8453
5.8501
5.8549
5.8597
5.8646
5.8694
5.8742
5.879
5.8839
5.8887
5.8935
5.8983
5.9032
5.908
5.9128
5.9176
5.9225
5.9273
5.9321
5.9369
5.9418
5.9466
5.9514
5.9562
5.9611
5.9659
5.9707
5.9755
5.9804
5.9852
5.99
5.9948
5.9997
6.0045
6.0093
6.0141
6.019
6.0238
6.0286
6.0334
6.0382
6.0431
6.0479
6.0527
6.0575
6.0624
6.0672
6.072
6.0768
6.0817
6.0865
6.0913
6.0961
6.101
6.1058
6.1106
6.1154
6.1203
6.1251
6.1299
6.1347
6.1396
6.1444
6.1492
6.154
6.1589
6.1637
6.1685
6.1733
6.1782
6.183
6.1878
6.1926
6.1975
6.2023
6.2071
6.2119
6.2168
6.2216
6.2264
6.2312
6.2361
6.2409
6.2467
6.2526
6.2585
6.2645
6.2704
6.2763
6.2822
6.2881
6.294
6.2999
6.3058
6.3118
6.3177
6.3236
6.3295
6.3354
6.3413
6.3472
6.3531
6.3591
6.365
6.3709
6.3768
6.3827
6.3886
6.3945
6.4004
6.4064
6.4123
6.4182
6.4241
6.43
6.4359
6.4418
6.4477
6.4536
6.4596
6.4655
6.4714
6.4773
6.4832
6.4891
6.495
6.5009
6.5069
6.5128
6.5187
6.5246
6.5305
6.5364
6.5423
6.5482
6.5542
6.5601
6.566
6.5719
6.5778
6.5837
6.5896
6.5955
6.6015
6.6074
6.6133
6.6192
6.6251
6.631
6.6369
6.6428
6.6488
6.6547
6.6606
6.6665
6.6724
6.6783
6.6842
6.6901
6.6961
6.702
6.7079
6.7138
6.7197
6.7256
6.7315
6.7377
6.7443
6.7508
6.7574
6.764
6.7706
6.7772
6.7838
6.7904
6.797
6.8036
6.8102
6.8168
6.8234
6.83
6.8366
6.8432
6.8498
6.8563
6.8629
6.8695
6.8761
6.8827
6.8893
6.8959
6.9025
6.9091
6.9157
6.9223
6.9289
6.9355
6.9421
6.9487
6.9553
6.9618
6.9684
6.975
6.9816
6.9882
6.9948
7.0014
7.008
7.0146
7.0212
7.0278
7.0344
7.041
7.0476
7.0542
7.0608
7.0673
7.0739
7.0805
7.0871
7.0937
7.1003
7.1069
7.1135
7.1201
7.1267
7.1333
7.1399
7.1465
7.1531
7.1597
7.1663
7.1728
7.1794
7.186
7.1926
7.1992
7.2058
7.2124
7.219
7.2256
7.2322
7.2388
7.2454
7.252
7.2586
7.2652
7.2717
7.2783
7.2849
7.2916
7.2983
7.305
7.3117
7.3185
7.3252
7.3319
7.3386
7.3453
7.352
7.3587
7.3654
7.3721
7.3788
7.3855
7.3923
7.399
7.4057
7.4124
7.4191
7.4258
7.4325
7.4392
7.4459
7.4526
7.4593
7.4661
7.4728
7.4795
7.4862
7.4929
7.4996
7.5063
7.513
7.5197
7.5264
7.5331
7.5399
7.5466
7.5533
7.56
7.5667
7.5734
7.5801
7.5868
7.5935
7.6002
7.6069
7.6137
7.6204
7.6271
7.6338
7.6405
7.6472
7.6539
7.6606
7.6673
7.674
7.6807
7.6875
7.6942
7.7009
7.7076
7.7143
7.721
7.7277
7.7344
7.7411
7.7478
7.7546
7.7613
7.768
7.7747
7.7814
7.7881
7.7948
7.8015
7.8082
7.8149
7.8216
7.8284
7.8351
7.8418
7.8484
7.8546
7.8609
7.8671
7.8733
7.8795
7.8858
7.892
7.8982
7.9044
7.9107
7.9169
7.9231
7.9293
7.9356
7.9418
7.948
7.9542
7.9605
7.9667
7.9729
7.9791
7.9854
7.9916
7.9978
8.004
8.0103
8.0165
8.0227
8.0289
8.0352
8.0414
8.0476
8.0538
8.0601
8.0663
8.0725
8.0787
8.085
8.0912
8.0974
8.1036
8.1099
8.1161
8.1223
8.1285
8.1348
8.141
8.1472
8.1534
8.1597
8.1659
8.1721
8.1783
8.1846
8.1908
8.197
8.2032
8.2095
8.2157
8.2219
8.2281
8.2344
8.2406
8.2468
8.253
8.2593
8.2655
8.2717
8.2779
8.2842
8.2904
8.2966
8.3028
8.3091
8.3153
8.3215
8.3277
8.334
8.3402
8.3464
8.3527
8.3589
8.3651
8.3708
8.376
8.3812
8.3864
8.3916
8.3968
8.4021
8.4073
8.4125
8.4177
8.4229
8.4281
8.4333
8.4386
8.4438
8.449
8.4542
8.4594
8.4646
8.4698
8.4751
8.4803
8.4855
8.4907
8.4959
8.5011
8.5064
8.5116
8.5168
8.522
8.5272
8.5324
8.5376
8.5429
8.5481
8.5533
8.5585
8.5637
8.5689
8.5741
8.5794
8.5846
8.5898
8.595
8.6002
8.6054
8.6106
8.6159
8.6211
8.6263
8.6315
8.6367
8.6419
8.6472
8.6524
8.6576
8.6628
8.668
8.6732
8.6784
8.6837
8.6889
8.6941
8.6993
8.7045
8.7097
8.7149
8.7202
8.7254
8.7306
8.7358
8.741
8.7462
8.7514
8.7567
8.7619
8.7671
8.7723
8.7775
8.7827
8.788
8.7932
8.7984
8.8036
8.8075
8.8113
8.8151
8.8189
8.8227
8.8265
8.8303
8.8341
8.8379
8.8417
8.8455
8.8493
8.8531
8.8569
8.8607
8.8645
8.8684
8.8722
8.876
8.8798
8.8836
8.8874
8.8912
8.895
8.8988
8.9026
8.9064
8.9102
8.914
8.9178
8.9216
8.9254
8.9292
8.933
8.9369
8.9407
8.9445
8.9483
8.9521
8.9559
8.9597
8.9635
8.9673
8.9711
8.9749
8.9787
8.9825
8.9863
8.9901
8.9939
8.9977
9.0015
9.0054
9.0092
9.013
9.0168
9.0206
9.0244
9.0282
9.032
9.0358
9.0396
9.0434
9.0472
9.051
9.0548
9.0586
9.0624
9.0662
9.0701
9.0739
9.0777
9.0815
9.0853
9.0891
9.0929
9.0967
9.1005
9.1043
9.1081
9.1119
9.1157
9.1195
9.1227
9.1248
9.127
9.1291
9.1312
9.1333
9.1354
9.1376
9.1397
9.1418
9.1439
9.1461
9.1482
9.1503
9.1524
9.1545
9.1567
9.1588
9.1609
9.163
9.1651
9.1673
9.1694
9.1715
9.1736
9.1758
9.1779
9.18
9.1821
9.1842
9.1864
9.1885
9.1906
9.1927
9.1948
9.197
9.1991
9.2012
9.2033
9.2055
9.2076
9.2097
9.2118
9.2139
9.2161
9.2182
9.2203
9.2224
9.2246
9.2267
9.2288
9.2309
9.233
9.2352
9.2373
9.2394
9.2415
9.2436
9.2458
9.2479
9.25
9.2521
9.2543
9.2564
9.2585
9.2606
9.2627
9.2649
9.267
9.2691
9.2712
9.2733
9.2755
9.2776
9.2797
9.2818
9.284
9.2861
9.2882
9.2903
9.2924
9.2946
9.2967
9.2988
9.2995
9.2997
9.3
9.3003
9.3005
9.3008
9.3011
9.3013
9.3016
9.3018
9.3021
9.3024
9.3026
9.3029
9.3032
9.3034
9.3037
9.3039
9.3042
9.3045
9.3047
9.305
9.3053
9.3055
9.3058
9.306
9.3063
9.3066
9.3068
9.3071
9.3073
9.3076
9.3079
9.3081
9.3084
9.3087
9.3089
9.3092
9.3094
9.3097
9.31
9.3102
9.3105
9.3108
9.311
9.3113
9.3115
9.3118
9.3121
9.3123
9.3126
9.3128
9.3131
9.3134
9.3136
9.3139
9.3142
9.3144
9.3147
9.3149
9.3152
9.3155
9.3157
9.316
9.3163
9.3165
9.3168
9.317
9.3173
9.3176
9.3178
9.3181
9.3183
9.3186
9.3189
9.3191
9.3194
9.3197
9.3199
9.3202
9.3204
9.3207
9.321
9.3209
9.3192
9.3176
9.316
9.3143
9.3127
9.3111
9.3094
9.3078
9.3062
9.3045
9.3029
9.3013
9.2996
9.298
9.2964
9.2947
9.2931
9.2915
9.2898
9.2882
9.2866
9.2849
9.2833
9.2817
9.28
9.2784
9.2768
9.2751
9.2735
9.2719
9.2702
9.2686
9.267
9.2653
9.2637
9.2621
9.2604
9.2588
9.2572
9.2555
9.2539
9.2523
9.2506
9.249
9.2474
9.2457
9.2441
9.2425
9.2408
9.2392
9.2376
9.2359
9.2343
9.2327
9.231
9.2294
9.2278
9.2261
9.2245
9.2229
9.2212
9.2196
9.218
9.2163
9.2147
9.2131
9.2114
9.2098
9.2082
9.2065
9.2049
9.2033
9.2016
9.2
9.1984
9.1967
9.1951
9.1935
9.1918
9.1902
9.1886
9.1869
9.1853
9.1827
9.1794
9.1762
9.1729
9.1696
9.1663
9.163
9.1598
9.1565
9.1532
9.1499
9.1467
9.1434
9.1401
9.1368
9.1336
9.1303
9.127
9.1237
9.1205
9.1172
9.1139
9.1106
9.1074
9.1041
9.1008
9.0975
9.0943
9.091
9.0877
9.0844
9.0811
9.0779
9.0746
9.0713
9.068
9.0648
9.0615
9.0582
9.0549
9.0517
9.0484
9.0451
9.0418
9.0386
9.0353
9.032
9.0287
9.0255
9.0222
9.0189
9.0156
9.0124
9.0091
9.0058
9.0025
8.9993
8.996
8.9927
8.9894
8.9861
8.9829
8.9796
8.9763
8.973
8.9698
8.9665
8.9632
8.9599
8.9567
8.9534
8.9501
8.9468
8.9436
8.9403
8.937
8.9337
8.9305
8.9272
8.9239
8.9206
8.9174
8.9141
8.9108
